TABLE # 74  $G&N'93 Solar$  X=0.7000 Y=0.2700 Z=0.0300 dXc=0.0000 dXo=0.0000

         log R

logT -8.0 -7.5 -7.0 -6.5 -6.0 -5.5 -5.0 -4.5 -4.0 -3.5 -3.0 -2.5 -2.0 -1.5 -1.0 -0.5 0.0 0.5 1.0

3.75 -0.766 -0.926 -1.117 -1.324 -1.538 -1.750 -1.950 -2.119 -2.225 -2.237 -2.149 -1.984 -1.768 -1.533 -1.239 -0.899 -0.521 -0.111 0.264
3.80 -0.558 -0.595 -0.672 -0.791 -0.940 -1.106 -1.269 -1.403 -1.487 -1.492 -1.414 -1.280 -1.090 -0.897 -0.659 -0.403 -0.124 0.205 0.522
3.85 -0.531 -0.526 -0.521 -0.521 -0.539 -0.584 -0.645 -0.702 -0.734 -0.718 -0.654 -0.542 -0.394 -0.234 -0.033 0.185 0.415 0.670 0.953
3.90 -0.533 -0.522 -0.503 -0.466 -0.401 -0.308 -0.207 -0.115 -0.037 0.033 0.109 0.203 0.321 0.443 0.605 0.786 0.979 1.189 1.415
3.95 -0.534 -0.526 -0.507 -0.469 -0.389 -0.248 -0.038 0.212 0.453 0.647 0.789 0.903 1.008 1.110 1.237 1.380 1.537 1.716 1.914
4.00 -0.515 -0.518 -0.508 -0.477 -0.402 -0.257 -0.022 0.299 0.662 1.005 1.273 1.462 1.600 1.714 1.824 1.937 2.069 2.218 2.387
4.05 -0.488 -0.485 -0.481 -0.462 -0.404 -0.270 -0.037 0.298 0.701 1.129 1.517 1.825 2.048 2.203 2.325 2.437 2.549 2.674 2.813
4.10 -0.475 -0.469 -0.458 -0.436 -0.385 -0.273 -0.065 0.248 0.650 1.100 1.552 1.966 2.296 2.538 2.712 2.848 2.968 3.086 3.210
4.15 -0.463 -0.451 -0.437 -0.414 -0.365 -0.258 -0.070 0.210 0.581 1.019 1.495 1.968 2.391 2.733 2.979 3.158 3.304 3.431 3.554
4.20 -0.469 -0.453 -0.431 -0.401 -0.351 -0.253 -0.079 0.187 0.537 0.953 1.419 1.913 2.390 2.815 3.156 3.404 3.583 3.733 3.866
4.25 -0.469 -0.454 -0.432 -0.398 -0.342 -0.241 -0.077 0.168 0.504 0.911 1.367 1.849 2.346 2.827 3.248 3.572 3.811 4.002 4.160
4.30 -0.458 -0.446 -0.426 -0.395 -0.343 -0.247 -0.083 0.156 0.479 0.883 1.344 1.828 2.323 2.827 3.295 3.692 3.996 4.237 4.424
4.35 -0.445 -0.433 -0.412 -0.380 -0.328 -0.240 -0.089 0.146 0.473 0.885 1.348 1.838 2.342 2.843 3.336 3.785 4.150 4.444 4.663
4.40 -0.422 -0.411 -0.392 -0.356 -0.301 -0.216 -0.079 0.142 0.466 0.881 1.349 1.854 2.376 2.889 3.400 3.874 4.283 4.621 4.870
4.45 -0.412 -0.395 -0.370 -0.329 -0.263 -0.167 -0.024 0.194 0.509 0.923 1.397 1.903 2.429 2.954 3.479 3.973 4.411 4.767 5.053
4.50 -0.405 -0.391 -0.366 -0.319 -0.239 -0.120 0.039 0.256 0.561 0.963 1.436 1.951 2.485 3.028 3.563 4.071 4.528 4.905 5.205
4.55 -0.399 -0.382 -0.357 -0.315 -0.234 -0.098 0.095 0.347 0.669 1.063 1.522 2.031 2.558 3.100 3.643 4.159 4.622 5.009 5.314
4.60 -0.403 -0.385 -0.357 -0.313 -0.232 -0.094 0.119 0.414 0.770 1.174 1.626 2.114 2.626 3.159 3.701 4.220 4.682 5.067 5.366
4.65 -0.399 -0.383 -0.360 -0.318 -0.239 -0.099 0.120 0.431 0.826 1.267 1.727 2.206 2.698 3.210 3.736 4.240 4.690 5.065 5.352
4.70 -0.397 -0.379 -0.355 -0.318 -0.249 -0.118 0.099 0.409 0.805 1.265 1.754 2.248 2.736 3.231 3.733 4.214 4.646 5.010 5.288
4.75 -0.398 -0.378 -0.351 -0.317 -0.253 -0.136 0.066 0.367 0.757 1.213 1.707 2.220 2.722 3.214 3.698 4.156 4.571 4.925 5.199
4.80 -0.397 -0.377 -0.353 -0.316 -0.254 -0.142 0.048 0.335 0.708 1.148 1.631 2.142 2.661 3.166 3.643 4.088 4.491 4.835 5.104
4.85 -0.398 -0.380 -0.354 -0.317 -0.257 -0.150 0.032 0.308 0.665 1.088 1.560 2.065 2.586 3.100 3.584 4.027 4.423 4.758 5.018
4.90 -0.387 -0.371 -0.348 -0.311 -0.250 -0.146 0.026 0.290 0.637 1.046 1.507 2.009 2.529 3.045 3.534 3.980 4.374 4.698 4.943
4.95 -0.363 -0.347 -0.325 -0.292 -0.236 -0.137 0.031 0.286 0.627 1.033 1.485 1.976 2.490 3.005 3.497 3.948 4.338 4.647 4.871
5.00 -0.314 -0.305 -0.288 -0.258 -0.206 -0.115 0.043 0.290 0.628 1.033 1.479 1.963 2.473 2.982 3.476 3.925 4.306 4.594 4.796
5.05 -0.234 -0.221 -0.207 -0.184 -0.139 -0.053 0.096 0.329 0.658 1.055 1.495 1.978 2.478 2.971 3.459 3.897 4.261 4.523 4.704
5.10 -0.153 -0.133 -0.110 -0.079 -0.035 0.041 0.175 0.383 0.679 1.060 1.503 1.978 2.469 2.967 3.437 3.852 4.188 4.426 4.591
5.15 -0.107 -0.066 -0.023 0.024 0.083 0.171 0.302 0.490 0.759 1.114 1.536 1.997 2.475 2.957 3.401 3.780 4.082 4.302 4.462
5.20 -0.116 -0.059 0.004 0.077 0.163 0.274 0.423 0.618 0.870 1.192 1.587 2.029 2.486 2.941 3.347 3.680 3.951 4.160 4.323
5.25 -0.174 -0.108 -0.031 0.061 0.173 0.313 0.489 0.700 0.948 1.247 1.620 2.042 2.479 2.905 3.270 3.563 3.808 4.012 4.181
5.30 -0.251 -0.182 -0.100 -0.001 0.126 0.287 0.488 0.724 0.989 1.290 1.640 2.036 2.453 2.848 3.177 3.438 3.664 3.866 4.042
5.35 -0.336 -0.277 -0.199 -0.099 0.027 0.194 0.410 0.669 0.961 1.278 1.627 2.006 2.400 2.773 3.074 3.312 3.524 3.726 3.907
5.40 -0.399 -0.355 -0.291 -0.204 -0.088 0.067 0.282 0.561 0.883 1.226 1.583 1.954 2.335 2.688 2.967 3.189 3.393 3.594 3.779
5.45 -0.438 -0.411 -0.365 -0.293 -0.188 -0.041 0.165 0.446 0.788 1.156 1.527 1.898 2.266 2.600 2.863 3.073 3.272 3.471 3.657
5.50 -0.455 -0.441 -0.414 -0.363 -0.278 -0.147 0.045 0.316 0.666 1.060 1.459 1.840 2.199 2.516 2.765 2.966 3.161 3.359 3.547
5.55 -0.462 -0.455 -0.441 -0.410 -0.349 -0.238 -0.061 0.207 0.568 0.982 1.398 1.781 2.135 2.438 2.674 2.868 3.061 3.256 3.447
5.60 -0.464 -0.461 -0.452 -0.434 -0.395 -0.314 -0.156 0.105 0.474 0.908 1.339 1.730 2.077 2.367 2.591 2.781 2.972 3.164 3.358
5.65 -0.465 -0.462 -0.456 -0.444 -0.421 -0.367 -0.246 -0.010 0.360 0.816 1.273 1.678 2.025 2.303 2.519 2.705 2.893 3.083 3.283
5.70 -0.466 -0.463 -0.457 -0.448 -0.430 -0.391 -0.302 -0.106 0.245 0.713 1.199 1.625 1.972 2.247 2.458 2.643 2.827 3.017 3.224
5.75 -0.467 -0.464 -0.458 -0.450 -0.435 -0.403 -0.335 -0.180 0.132 0.600 1.111 1.561 1.919 2.192 2.403 2.587 2.767 2.952 3.160
5.80 -0.467 -0.464 -0.459 -0.451 -0.436 -0.408 -0.350 -0.222 0.042 0.483 1.009 1.484 1.857 2.136 2.352 2.537 2.715 2.895 3.100
5.85 -0.466 -0.464 -0.460 -0.451 -0.437 -0.410 -0.357 -0.244 -0.011 0.392 0.908 1.401 1.791 2.078 2.301 2.491 2.668 2.852 3.061
5.90 -0.466 -0.464 -0.460 -0.453 -0.440 -0.414 -0.362 -0.258 -0.049 0.317 0.813 1.316 1.722 2.022 2.253 2.449 2.628 2.809 3.016
5.95 -0.465 -0.463 -0.458 -0.451 -0.438 -0.414 -0.365 -0.266 -0.070 0.272 0.742 1.240 1.656 1.968 2.210 2.412 2.590 2.761 2.961
6.00 -0.464 -0.460 -0.455 -0.448 -0.435 -0.412 -0.365 -0.269 -0.079 0.251 0.704 1.191 1.608 1.927 2.175 2.381 2.552 2.715 2.916
6.10 -0.465 -0.459 -0.450 -0.438 -0.423 -0.399 -0.356 -0.269 -0.090 0.212 0.626 1.090 1.513 1.853 2.118 2.318 2.474 2.630 2.820
6.20 -0.470 -0.467 -0.460 -0.445 -0.421 -0.385 -0.333 -0.247 -0.088 0.182 0.565 1.012 1.438 1.783 2.040 2.219 2.345 2.493 2.695
6.30 -0.472 -0.471 -0.469 -0.463 -0.448 -0.412 -0.343 -0.231 -0.063 0.188 0.543 0.967 1.369 1.689 1.914 2.061 2.182 2.341 2.558
6.40 -0.473 -0.472 -0.471 -0.469 -0.462 -0.445 -0.398 -0.286 -0.082 0.199 0.544 0.927 1.272 1.536 1.727 1.862 1.996 2.180 2.416
6.50 -0.474 -0.473 -0.472 -0.471 -0.467 -0.458 -0.431 -0.355 -0.176 0.126 0.491 0.836 1.119 1.335 1.506 1.651 1.812 2.021 2.261
6.60 -0.474 -0.474 -0.474 -0.473 -0.470 -0.464 -0.446 -0.394 -0.264 -0.010 0.337 0.665 0.919 1.113 1.280 1.442 1.634 1.868 2.121
6.70 -0.476 -0.475 -0.475 -0.475 -0.473 -0.469 -0.456 -0.419 -0.326 -0.132 0.159 0.458 0.699 0.891 1.063 1.245 1.465 1.716 1.978
6.80 -0.477 -0.477 -0.477 -0.476 -0.475 -0.472 -0.464 -0.439 -0.373 -0.229 0.000 0.256 0.483 0.679 0.864 1.070 1.318 1.584 1.821
6.90 -0.478 -0.478 -0.478 -0.478 -0.477 -0.474 -0.468 -0.450 -0.404 -0.300 -0.126 0.091 0.302 0.498 0.703 0.927 1.187 1.452 1.674
7.00 -0.480 -0.480 -0.480 -0.480 -0.478 -0.475 -0.468 -0.454 -0.420 -0.344 -0.214 -0.040 0.156 0.367 0.583 0.815 1.073 1.321 1.539
7.10 -0.483 -0.483 -0.483 -0.482 -0.481 -0.478 -0.471 -0.454 -0.420 -0.357 -0.253 -0.107 0.076 0.276 0.481 0.702 0.955 1.193 1.361
7.20 -0.486 -0.486 -0.486 -0.486 -0.485 -0.483 -0.477 -0.461 -0.424 -0.360 -0.265 -0.135 0.024 0.194 0.372 0.589 0.826 1.056
7.30 -0.490 -0.490 -0.490 -0.490 -0.489 -0.488 -0.485 -0.473 -0.442 -0.382 -0.288 -0.168 -0.038 0.096 0.256 0.465 0.714
7.40 -0.495 -0.495 -0.495 -0.495 -0.494 -0.494 -0.492 -0.484 -0.463 -0.416 -0.334 -0.230 -0.123 -0.009 0.147 0.356 0.595
7.50 -0.501 -0.501 -0.501 -0.501 -0.501 -0.501 -0.499 -0.494 -0.481 -0.448 -0.386 -0.302 -0.211 -0.106 0.044 0.256
7.60 -0.508 -0.508 -0.508 -0.508 -0.509 -0.508 -0.507 -0.504 -0.495 -0.474 -0.429 -0.365 -0.288 -0.189 -0.046 0.153
7.70 -0.518 -0.518 -0.518 -0.518 -0.518 -0.518 -0.517 -0.515 -0.509 -0.494 -0.462 -0.415 -0.352 -0.262 -0.131 0.048
7.80 -0.530 -0.530 -0.530 -0.530 -0.530 -0.530 -0.529 -0.528 -0.524 -0.512 -0.489 -0.454 -0.405 -0.330 -0.216 -0.069
7.90 -0.544 -0.544 -0.544 -0.544 -0.545 -0.545 -0.544 -0.544 -0.540 -0.531 -0.515 -0.490 -0.455 -0.398 -0.302
8.00 -0.560 -0.560 -0.560 -0.560 -0.561 -0.561 -0.561 -0.560 -0.557 -0.551 -0.540 -0.525 -0.504 -0.464 -0.389
8.10 -0.580 -0.580 -0.580 -0.580 -0.580 -0.580 -0.581 -0.580 -0.578 -0.573 -0.567 -0.562 -0.556 -0.534 -0.488
8.30 -0.633 -0.633 -0.633 -0.633 -0.634 -0.634 -0.634 -0.633 -0.633 -0.633 -0.636 -0.651 -0.672 -0.689 -0.708
8.50 -0.704 -0.704 -0.704 -0.704 -0.704 -0.704 -0.704 -0.704 -0.705 -0.709 -0.723 -0.757 -0.793 -0.909 -1.266
8.70 -0.582 -0.753 -0.785 -0.789 -0.789 -0.789 -0.789 -0.789 -0.792 -0.800 -0.825 -0.880 -0.958 -1.046